bp 	 Col
1 	 1
2 	 2
3 	 3
4 	 4
5 	 5
6 	 6
7 	 7
8 	 8
9 	 9
10 	 10
11 	 11
12 	 12
13 	 13
14 	 14
15 	 15
16 	 16
17 	 17
18 	 18
19 	 19
20 	 20
21 	 21
22 	 22
23 	 23
24 	 24
25 	 25
26 	 26
27 	 27
28 	 28
29 	 29
30 	 30
31 	 31
32 	 32
33 	 33
34 	 34
35 	 35
36 	 36
37 	 37
38 	 38
39 	 39
40 	 40
41 	 41
42 	 42
43 	 43
44 	 44
45 	 45
46 	 46
47 	 47
48 	 48
49 	 49
50 	 50
51 	 51
52 	 52
53 	 53
54 	 54
55 	 55
56 	 56
57 	 57
58 	 58
59 	 59
60 	 60
61 	 61
62 	 62
63 	 63
64 	 64
65 	 65
66 	 66
67 	 67
68 	 68
69 	 69
70 	 70
71 	 71
72 	 72
73 	 73
74 	 74
75 	 75
76 	 76
77 	 77
78 	 78
79 	 79
80 	 80
81 	 81
82 	 82
83 	 83
84 	 84
85 	 85
86 	 86
87 	 87
88 	 88
89 	 89
90 	 90
91 	 91
92 	 92
93 	 93
94 	 94
95 	 95
96 	 96
97 	 97
98 	 98
99 	 99
100 	 100
101 	 101
102 	 102
103 	 103
104 	 104
105 	 105
106 	 106
107 	 107
108 	 108
109 	 109
110 	 110
111 	 111
112 	 112
113 	 113
114 	 114
115 	 115
116 	 116
117 	 117
118 	 118
119 	 119
120 	 120
121 	 121
122 	 122
123 	 123
124 	 124
125 	 125
126 	 126
127 	 127
128 	 128
129 	 129
130 	 130
131 	 131
132 	 132
133 	 133
134 	 134
135 	 135
136 	 136
137 	 137
138 	 138
139 	 139
140 	 140
141 	 141
142 	 142
143 	 143
144 	 144
145 	 145
146 	 146
147 	 147
148 	 148
149 	 149
150 	 150
151 	 151
152 	 152
153 	 153
154 	 154
155 	 155
156 	 156
157 	 157
158 	 158
159 	 159
160 	 160
161 	 161
162 	 162
163 	 163
164 	 164
165 	 165
166 	 166
167 	 167
168 	 168
169 	 169
170 	 170
171 	 171
172 	 172
173 	 173
174 	 174
175 	 175
176 	 176
177 	 177
178 	 178
179 	 179
180 	 180
181 	 181
182 	 182
183 	 183
184 	 184
185 	 185
186 	 186
187 	 187
188 	 188
189 	 189
190 	 190
191 	 191
192 	 192
193 	 193
194 	 194
195 	 195
196 	 196
197 	 197
198 	 198
199 	 199
200 	 200
201 	 201
202 	 202
203 	 203
204 	 204
205 	 205
206 	 206
207 	 207
208 	 208
209 	 209
210 	 210
211 	 211
212 	 212
213 	 213
214 	 214
215 	 215
216 	 216
217 	 217
218 	 218
219 	 219
220 	 220
221 	 221
222 	 222
223 	 223
224 	 224
225 	 225
226 	 226
227 	 227
228 	 228
229 	 229
230 	 230
231 	 231
232 	 232
233 	 233
234 	 234
235 	 235
236 	 236
237 	 237
238 	 238
239 	 239
240 	 240
241 	 241
242 	 242
243 	 243
244 	 244
245 	 245
246 	 246
247 	 247
248 	 248
249 	 249
250 	 250
251 	 251
252 	 252
253 	 253
254 	 254
255 	 255
256 	 256
257 	 257
258 	 258
259 	 259
260 	 260
261 	 261
262 	 262
263 	 263
264 	 264
265 	 265
266 	 266
267 	 267
268 	 268
269 	 269
270 	 270
271 	 271
272 	 272
273 	 273
274 	 274
275 	 275
276 	 276
277 	 277
278 	 278
279 	 279
280 	 280
281 	 281
282 	 282
283 	 283
284 	 284
285 	 285
286 	 286
287 	 287
288 	 288
289 	 289
290 	 290
291 	 291
292 	 292
293 	 293
294 	 294
295 	 295
296 	 296
297 	 297
298 	 298
299 	 299
300 	 300
301 	 301
302 	 302
303 	 303
304 	 304
305 	 305
306 	 306
307 	 307
308 	 308
309 	 309
310 	 310
311 	 311
312 	 312
313 	 313
314 	 314
315 	 315
316 	 316
317 	 317
318 	 318
319 	 319
320 	 320
321 	 321
322 	 322
323 	 323
324 	 324
325 	 325
326 	 326
327 	 327
328 	 328
329 	 329
330 	 330
331 	 331
332 	 350
333 	 351
334 	 352
335 	 353
336 	 354
337 	 355
338 	 356
339 	 357
340 	 364
341 	 365
342 	 366
343 	 367
344 	 368
345 	 369
346 	 370
347 	 371
348 	 372
349 	 373
350 	 374
351 	 375
352 	 376
353 	 377
354 	 378
355 	 379
356 	 380
357 	 381
358 	 382
359 	 383
360 	 384
361 	 385
362 	 386
363 	 387
364 	 388
365 	 389
366 	 390
367 	 391
368 	 392
369 	 393
370 	 394
371 	 395
372 	 396
373 	 397
374 	 398
375 	 399
376 	 400
377 	 401
378 	 402
379 	 403
380 	 404
381 	 405
382 	 406
383 	 407
384 	 408
385 	 409
386 	 410
387 	 411
388 	 412
389 	 413
390 	 414
391 	 415
392 	 416
393 	 417
394 	 418
395 	 419
396 	 420
397 	 421
398 	 422
399 	 423
400 	 424
401 	 425
402 	 426
403 	 427
404 	 428
405 	 429
406 	 430
407 	 431
408 	 432
409 	 433
410 	 434
411 	 435
412 	 436
413 	 437
414 	 438
415 	 439
416 	 440
417 	 441
418 	 442
419 	 443
420 	 444
421 	 445
422 	 446
423 	 447
424 	 448
425 	 449
426 	 450
427 	 451
428 	 452
429 	 453
430 	 454
431 	 455
432 	 456
433 	 457
434 	 458
435 	 459
436 	 460
437 	 461
438 	 462
439 	 463
440 	 464
441 	 465
442 	 466
443 	 467
444 	 468
445 	 469
446 	 470
447 	 471
448 	 472
449 	 473
450 	 474
451 	 475
452 	 479
453 	 480
454 	 481
455 	 485
456 	 486
457 	 487
458 	 488
459 	 489
460 	 490
461 	 491
462 	 492
463 	 493
464 	 494
465 	 495
466 	 496
467 	 497
468 	 498
469 	 499
470 	 500
471 	 501
472 	 502
473 	 503
474 	 504
475 	 505
476 	 506
477 	 507
478 	 508
479 	 509
480 	 510
481 	 511
482 	 512
483 	 513
484 	 514
485 	 515
486 	 516
487 	 517
488 	 518
489 	 519
490 	 520
491 	 521
492 	 522
493 	 523
494 	 524
495 	 525
496 	 526
497 	 527
498 	 528
499 	 529
500 	 530
501 	 531
502 	 532
503 	 533
504 	 534
505 	 535
506 	 536
507 	 537
508 	 538
509 	 539
510 	 540
511 	 541
512 	 542
513 	 543
514 	 544
515 	 545
516 	 546
517 	 547
518 	 548
519 	 549
520 	 550
521 	 551
522 	 552
523 	 553
524 	 554
525 	 555
526 	 556
527 	 557
528 	 558
529 	 559
530 	 560
531 	 561
532 	 562
533 	 563
534 	 564
535 	 565
536 	 566
537 	 567
538 	 568
539 	 569
540 	 570
541 	 571
542 	 572
543 	 573
544 	 574
545 	 575
546 	 576
547 	 577
548 	 578
549 	 579
550 	 580
551 	 581
552 	 582
553 	 583
554 	 584
555 	 585
556 	 586
557 	 587
558 	 588
559 	 589
560 	 590
561 	 591
562 	 592
563 	 593
564 	 594
565 	 595
566 	 596
567 	 597
568 	 598
569 	 599
570 	 600
571 	 601
572 	 602
573 	 603
574 	 604
575 	 605
576 	 606
577 	 607
578 	 608
579 	 609
580 	 610
581 	 611
582 	 612
583 	 613
584 	 614
585 	 615
586 	 616
587 	 617
588 	 618
589 	 619
590 	 620
591 	 621
592 	 622
593 	 623
594 	 624
595 	 625
596 	 626
597 	 627
598 	 628
599 	 629
600 	 630
601 	 631
602 	 632
603 	 633
604 	 634
605 	 635
606 	 636
607 	 637
608 	 638
609 	 639
610 	 640
611 	 641
612 	 642
613 	 643
614 	 644
615 	 645
616 	 646
617 	 647
618 	 648
619 	 649
620 	 653
621 	 654
622 	 655
623 	 656
624 	 657
625 	 658
626 	 659
627 	 660
628 	 661
629 	 662
630 	 663
631 	 664
632 	 665
633 	 666
634 	 667
635 	 668
636 	 669
637 	 670
638 	 671
639 	 672
640 	 673
641 	 674
642 	 675
643 	 679
644 	 680
645 	 681
646 	 682
647 	 683
648 	 684
649 	 685
650 	 686
651 	 687
652 	 688
653 	 689
654 	 690
655 	 691
656 	 692
657 	 693
658 	 694
659 	 695
660 	 696
661 	 697
662 	 698
663 	 699
664 	 700
665 	 701
666 	 702
667 	 703
668 	 704
669 	 705
670 	 706
671 	 707
672 	 708
673 	 709
674 	 710
675 	 711
676 	 712
677 	 713
678 	 714
679 	 715
680 	 716
681 	 717
682 	 718
683 	 719
684 	 720
685 	 721
686 	 722
687 	 723
688 	 742
689 	 743
690 	 744
691 	 760
692 	 761
693 	 762
694 	 763
695 	 764
696 	 765
697 	 766
698 	 773
699 	 780
700 	 781
701 	 782
702 	 783
703 	 784
704 	 785
705 	 786
706 	 787
707 	 788
708 	 789
709 	 790
710 	 791
711 	 792
712 	 793
713 	 794
714 	 795
715 	 796
716 	 797
717 	 798
718 	 799
719 	 800
720 	 801
721 	 802
722 	 803
723 	 804
724 	 805
725 	 806
726 	 807
727 	 808
728 	 809
729 	 810
730 	 811
731 	 812
732 	 813
733 	 814
734 	 815
735 	 816
736 	 817
737 	 818
738 	 819
739 	 820
740 	 821
741 	 822
742 	 823
743 	 824
744 	 825
745 	 826
746 	 827
747 	 828
748 	 829
749 	 830
750 	 831
751 	 832
752 	 833
753 	 834
754 	 835
755 	 836
756 	 837
757 	 838
758 	 839
759 	 840
760 	 841
761 	 842
762 	 843
763 	 844
764 	 845
765 	 846
766 	 847
767 	 848
768 	 849
769 	 850
770 	 851
771 	 852
772 	 853
773 	 854
774 	 855
775 	 856
776 	 857
777 	 858
778 	 859
779 	 860
780 	 861
781 	 862
782 	 863
783 	 864
784 	 865
785 	 866
786 	 867
787 	 868
788 	 869
789 	 870
790 	 871
791 	 872
792 	 873
793 	 874
794 	 875
795 	 876
796 	 877
797 	 878
798 	 879
799 	 880
800 	 881
801 	 882
802 	 883
803 	 884
804 	 885
805 	 886
806 	 887
807 	 888
808 	 889
809 	 890
810 	 891
811 	 892
812 	 893
813 	 894
814 	 895
815 	 896
816 	 897
817 	 898
818 	 899
819 	 900
820 	 901
821 	 902
822 	 903
823 	 904
824 	 905
825 	 906
826 	 907
827 	 908
828 	 909
829 	 910
830 	 911
831 	 912
832 	 913
833 	 914
834 	 915
835 	 916
836 	 917
837 	 918
838 	 919
839 	 920
840 	 921
841 	 922
842 	 923
843 	 924
844 	 925
845 	 926
846 	 927
847 	 928
848 	 929
849 	 930
850 	 931
851 	 932
852 	 933
853 	 934
854 	 935
855 	 936
856 	 937
857 	 938
858 	 939
859 	 940
860 	 941
861 	 942
862 	 943
863 	 944
864 	 945
865 	 946
866 	 947
867 	 948
868 	 949
869 	 950
870 	 951
871 	 952
872 	 953
873 	 954
874 	 955
875 	 956
876 	 957
877 	 958
878 	 959
879 	 960
880 	 961
881 	 962
882 	 963
883 	 964
884 	 965
885 	 966
886 	 967
887 	 971
888 	 972
889 	 973
890 	 974
891 	 975
892 	 976
893 	 977
894 	 978
895 	 979
896 	 980
897 	 981
898 	 982
899 	 983
900 	 984
901 	 985
902 	 986
903 	 987
904 	 988
905 	 989
906 	 990
907 	 991
908 	 992
909 	 993
910 	 994
911 	 995
912 	 996
913 	 997
914 	 998
915 	 999
916 	 1000
917 	 1001
918 	 1002
919 	 1003
920 	 1004
921 	 1005
922 	 1006
923 	 1007
924 	 1008
925 	 1009
926 	 1010
927 	 1011
928 	 1012
929 	 1013
930 	 1014
931 	 1015
932 	 1016
933 	 1017
934 	 1018
935 	 1019
936 	 1020
937 	 1021
938 	 1022
939 	 1023
940 	 1024
941 	 1025
942 	 1026
943 	 1027
944 	 1028
945 	 1029
946 	 1030
947 	 1031
948 	 1032
949 	 1033
950 	 1034
951 	 1035
952 	 1036
953 	 1037
954 	 1038
955 	 1039
956 	 1040
957 	 1041
958 	 1042
959 	 1043
960 	 1044
961 	 1045
962 	 1046
963 	 1047
964 	 1048
965 	 1049
966 	 1050
967 	 1051
968 	 1052
969 	 1053
970 	 1054
971 	 1055
972 	 1056
973 	 1057
974 	 1058
975 	 1059
976 	 1060
977 	 1061
978 	 1062
979 	 1063
980 	 1064
981 	 1065
982 	 1066
983 	 1067
984 	 1068
985 	 1069
986 	 1070
987 	 1071
988 	 1072
989 	 1073
990 	 1074
991 	 1075
992 	 1076
993 	 1077
994 	 1078
995 	 1079
996 	 1080
997 	 1081
998 	 1082
999 	 1083
1000 	 1084
1001 	 1085
1002 	 1086
1003 	 1087
1004 	 1088
1005 	 1089
1006 	 1090
1007 	 1091
1008 	 1092
1009 	 1093
1010 	 1094
1011 	 1095
1012 	 1096
1013 	 1097
1014 	 1098
1015 	 1099
1016 	 1100
1017 	 1101
1018 	 1102
1019 	 1103
1020 	 1104
1021 	 1105
1022 	 1106
1023 	 1107
1024 	 1108
1025 	 1109
1026 	 1110
1027 	 1111
1028 	 1112
1029 	 1113
1030 	 1114
1031 	 1115
1032 	 1116
1033 	 1117
1034 	 1118
1035 	 1119
1036 	 1120
1037 	 1121
1038 	 1122
1039 	 1123
1040 	 1124
1041 	 1125
1042 	 1126
1043 	 1127
1044 	 1128
1045 	 1129
1046 	 1130
1047 	 1131
1048 	 1132
1049 	 1133
1050 	 1134
1051 	 1135
1052 	 1136
1053 	 1137
1054 	 1138
1055 	 1139
1056 	 1140
1057 	 1141
1058 	 1142
1059 	 1143
1060 	 1144
1061 	 1145
1062 	 1146
1063 	 1147
1064 	 1148
1065 	 1149
1066 	 1150
1067 	 1151
1068 	 1152
1069 	 1153
1070 	 1154
1071 	 1155
1072 	 1156
1073 	 1157
1074 	 1158
1075 	 1159
1076 	 1160
1077 	 1161
1078 	 1162
1079 	 1163
1080 	 1164
1081 	 1165
1082 	 1166
1083 	 1167
1084 	 1168
1085 	 1169
1086 	 1170
1087 	 1171
1088 	 1172
1089 	 1173
1090 	 1174
1091 	 1175
1092 	 1176
1093 	 1177
1094 	 1178
1095 	 1179
1096 	 1180
1097 	 1181
1098 	 1182
1099 	 1183
1100 	 1184
1101 	 1185
1102 	 1186
1103 	 1187
1104 	 1188
1105 	 1189
1106 	 1190
1107 	 1194
1108 	 1198
1109 	 1199
1110 	 1200
1111 	 1201
1112 	 1202
1113 	 1203
1114 	 1204
1115 	 1205
1116 	 1206
1117 	 1207
1118 	 1208
1119 	 1209
1120 	 1210
1121 	 1211
1122 	 1212
1123 	 1213
1124 	 1214
1125 	 1215
1126 	 1216
1127 	 1217
1128 	 1218
1129 	 1219
1130 	 1220
1131 	 1221
1132 	 1222
1133 	 1223
1134 	 1224
1135 	 1225
1136 	 1226
1137 	 1227
1138 	 1228
1139 	 1229
1140 	 1230
1141 	 1231
1142 	 1232
1143 	 1233
1144 	 1234
1145 	 1235
1146 	 1236
1147 	 1237
1148 	 1238
1149 	 1239
1150 	 1240
1151 	 1241
1152 	 1242
1153 	 1243
1154 	 1244
1155 	 1245
1156 	 1246
1157 	 1247
1158 	 1248
1159 	 1249
1160 	 1250
1161 	 1251
1162 	 1252
1163 	 1253
1164 	 1254
1165 	 1255
1166 	 1256
1167 	 1257
1168 	 1258
1169 	 1259
1170 	 1260
1171 	 1261
1172 	 1262
1173 	 1263
1174 	 1264
1175 	 1265
1176 	 1266
1177 	 1267
1178 	 1268
1179 	 1269
1180 	 1270
1181 	 1271
1182 	 1272
1183 	 1273
1184 	 1274
1185 	 1275
1186 	 1276
1187 	 1277
1188 	 1278
1189 	 1279
1190 	 1280
1191 	 1281
1192 	 1282
1193 	 1283
1194 	 1284
1195 	 1285
1196 	 1286
1197 	 1287
1198 	 1288
1199 	 1289
1200 	 1290
1201 	 1291
1202 	 1292
1203 	 1293
1204 	 1294
1205 	 1295
1206 	 1296
1207 	 1297
1208 	 1298
1209 	 1299
1210 	 1300
1211 	 1301
1212 	 1302
1213 	 1303
1214 	 1304
1215 	 1305
1216 	 1306
1217 	 1307
1218 	 1308
1219 	 1309
1220 	 1310
1221 	 1311
1222 	 1312
1223 	 1313
1224 	 1314
1225 	 1315
1226 	 1316
1227 	 1317
1228 	 1318
1229 	 1319
1230 	 1320
1231 	 1321
1232 	 1322
1233 	 1323
1234 	 1324
1235 	 1325
1236 	 1326
1237 	 1327
1238 	 1328
1239 	 1329
1240 	 1330
1241 	 1331
1242 	 1332
1243 	 1333
1244 	 1334
1245 	 1335
1246 	 1336
1247 	 1337
1248 	 1338
1249 	 1339
1250 	 1340
1251 	 1341
1252 	 1342
1253 	 1343
1254 	 1344
1255 	 1345
1256 	 1346
1257 	 1347
1258 	 1348
1259 	 1349
1260 	 1350
1261 	 1351
1262 	 1352
1263 	 1353
1264 	 1354
1265 	 1355
1266 	 1356
1267 	 1357
1268 	 1358
1269 	 1359
1270 	 1360
1271 	 1361
1272 	 1362
1273 	 1363
1274 	 1364
1275 	 1365
1276 	 1366
1277 	 1367
1278 	 1368
1279 	 1369
1280 	 1370
1281 	 1371
1282 	 1372
1283 	 1373
1284 	 1374
1285 	 1375
1286 	 1376
1287 	 1377
1288 	 1378
1289 	 1379
1290 	 1380
1291 	 1381
1292 	 1382
1293 	 1383
1294 	 1384
1295 	 1385
1296 	 1386
1297 	 1387
1298 	 1388
1299 	 1389
1300 	 1390
1301 	 1391
1302 	 1392
1303 	 1393
1304 	 1394
1305 	 1395
1306 	 1396
1307 	 1397
1308 	 1398
1309 	 1399
1310 	 1400
1311 	 1401
1312 	 1402
1313 	 1403
1314 	 1404
1315 	 1405
1316 	 1406
1317 	 1407
1318 	 1408
1319 	 1409
1320 	 1410
1321 	 1411
1322 	 1412
1323 	 1413
1324 	 1414
1325 	 1415
1326 	 1416
1327 	 1417
1328 	 1418
1329 	 1419
1330 	 1420
1331 	 1421
1332 	 1422
1333 	 1423
1334 	 1424
1335 	 1425
1336 	 1426
1337 	 1427
1338 	 1428
1339 	 1429
1340 	 1430
1341 	 1431
1342 	 1432
1343 	 1433
1344 	 1434
1345 	 1435
1346 	 1436
1347 	 1437
1348 	 1438
1349 	 1439
1350 	 1440
1351 	 1441
1352 	 1442
1353 	 1443
1354 	 1444
1355 	 1445
1356 	 1446
1357 	 1447
1358 	 1448
1359 	 1449
1360 	 1450
1361 	 1451
1362 	 1452
1363 	 1453
1364 	 1454
1365 	 1455
1366 	 1456
1367 	 1457
1368 	 1458
1369 	 1459
1370 	 1460
1371 	 1461
1372 	 1462
1373 	 1463
1374 	 1464
1375 	 1465
1376 	 1466
1377 	 1467
1378 	 1468
1379 	 1469
1380 	 1470
1381 	 1471
1382 	 1472
1383 	 1473
1384 	 1474
1385 	 1475
1386 	 1476
1387 	 1477
1388 	 1478
1389 	 1479
1390 	 1480
1391 	 1481
1392 	 1482
1393 	 1483
1394 	 1484
1395 	 1485
1396 	 1486
1397 	 1487
1398 	 1488
1399 	 1489
1400 	 1490
1401 	 1491
1402 	 1492
1403 	 1493
1404 	 1494
1405 	 1495
1406 	 1496
1407 	 1497
1408 	 1498
1409 	 1499
1410 	 1500
1411 	 1501
1412 	 1502
1413 	 1503
1414 	 1504
1415 	 1505
1416 	 1506
1417 	 1507
1418 	 1508
1419 	 1509
1420 	 1510
1421 	 1511
1422 	 1512
1423 	 1513
1424 	 1514
1425 	 1515
1426 	 1516
1427 	 1517
1428 	 1518
1429 	 1519
1430 	 1520
1431 	 1521
1432 	 1522
1433 	 1523
1434 	 1524
1435 	 1525
1436 	 1526
1437 	 1527
1438 	 1528
1439 	 1529
1440 	 1530
1441 	 1531
1442 	 1532
1443 	 1533
1444 	 1534
1445 	 1535
1446 	 1536
1447 	 1537
1448 	 1538
1449 	 1539
1450 	 1540
1451 	 1541
1452 	 1542
1453 	 1543
1454 	 1544
1455 	 1545
1456 	 1546
1457 	 1547
1458 	 1548
1459 	 1549
1460 	 1550
1461 	 1551
1462 	 1552
1463 	 1553
1464 	 1554
1465 	 1555
1466 	 1556
1467 	 1557
1468 	 1558
1469 	 1559
1470 	 1560
1471 	 1561
1472 	 1562
1473 	 1563
1474 	 1564
1475 	 1565
1476 	 1566
1477 	 1567
1478 	 1568
1479 	 1575
1480 	 1576
1481 	 1577
1482 	 1578
1483 	 1579
1484 	 1580
1485 	 1581
1486 	 1582
1487 	 1583
1488 	 1584
1489 	 1585
1490 	 1586
1491 	 1587
1492 	 1588
1493 	 1589
1494 	 1590
1495 	 1591
1496 	 1592
1497 	 1593
1498 	 1594
1499 	 1595
1500 	 1596
1501 	 1597
1502 	 1598
1503 	 1599
1504 	 1600
1505 	 1601
1506 	 1602
1507 	 1603
1508 	 1604
1509 	 1605
1510 	 1606
1511 	 1607
1512 	 1608
1513 	 1609
1514 	 1610
1515 	 1611
1516 	 1612
1517 	 1613
1518 	 1614
1519 	 1615
1520 	 1616
1521 	 1617
1522 	 1618
1523 	 1619
1524 	 1620
1525 	 1621
1526 	 1622
1527 	 1623
1528 	 1624
1529 	 1625
1530 	 1626
1531 	 1627
1532 	 1628
1533 	 1629
1534 	 1630
1535 	 1631
1536 	 1632
1537 	 1633
1538 	 1643
1539 	 1656
1540 	 1657
1541 	 1658
1542 	 1659
1543 	 1660
1544 	 1661
1545 	 1662
1546 	 1663
1547 	 1664
1548 	 1665
1549 	 1666
1550 	 1667
1551 	 1668
1552 	 1669
1553 	 1670
1554 	 1671
1555 	 1672
1556 	 1673
1557 	 1674
1558 	 1675
1559 	 1676
1560 	 1677
1561 	 1678
1562 	 1679
1563 	 1680
1564 	 1681
1565 	 1682
1566 	 1683
1567 	 1684
1568 	 1709
1569 	 1710
1570 	 1711
1571 	 1712
1572 	 1713
1573 	 1714
1574 	 1715
1575 	 1716
1576 	 1717
1577 	 1718
1578 	 1719
1579 	 1720
1580 	 1721
1581 	 1722
1582 	 1723
1583 	 1724
1584 	 1725
1585 	 1726
1586 	 1727
1587 	 1728
1588 	 1729
1589 	 1730
1590 	 1731
1591 	 1732
1592 	 1733
1593 	 1734
1594 	 1735
1595 	 1736
1596 	 1737
1597 	 1738
1598 	 1739
1599 	 1740
1600 	 1741
1601 	 1742
1602 	 1743
1603 	 1744
1604 	 1745
1605 	 1746
1606 	 1747
1607 	 1748
1608 	 1749
1609 	 1750
1610 	 1751
1611 	 1752
1612 	 1753
1613 	 1754
1614 	 1755
1615 	 1756
1616 	 1757
1617 	 1758
1618 	 1759
1619 	 1760
1620 	 1761
1621 	 1762
1622 	 1763
1623 	 1764
1624 	 1765
1625 	 1766
1626 	 1767
1627 	 1768
1628 	 1769
1629 	 1770
1630 	 1771
1631 	 1772
1632 	 1773
1633 	 1774
1634 	 1775
1635 	 1776
1636 	 1777
1637 	 1778
1638 	 1779
1639 	 1780
1640 	 1781
1641 	 1782
1642 	 1783
1643 	 1784
1644 	 1785
1645 	 1786
1646 	 1787
1647 	 1788
1648 	 1789
1649 	 1790
1650 	 1791
1651 	 1792
1652 	 1793
1653 	 1794
1654 	 1795
1655 	 1796
1656 	 1797
1657 	 1798
1658 	 1799
1659 	 1800
1660 	 1801
1661 	 1802
1662 	 1803
1663 	 1804
1664 	 1805
1665 	 1806
1666 	 1807
1667 	 1808
1668 	 1809
1669 	 1810
1670 	 1811
1671 	 1812
1672 	 1813
1673 	 1814
1674 	 1815
1675 	 1816
1676 	 1817
1677 	 1818
1678 	 1819
1679 	 1820
1680 	 1821
1681 	 1822
1682 	 1823
1683 	 1824
1684 	 1825
1685 	 1826
1686 	 1827
1687 	 1828
1688 	 1829
1689 	 1830
1690 	 1831
1691 	 1832
1692 	 1833
1693 	 1834
1694 	 1835
1695 	 1836
1696 	 1837
1697 	 1838
1698 	 1839
1699 	 1840
1700 	 1841
1701 	 1842
1702 	 1843
1703 	 1844
1704 	 1845
1705 	 1846
1706 	 1847
1707 	 1848
1708 	 1849
1709 	 1850
1710 	 1851
1711 	 1852
1712 	 1853
1713 	 1854
1714 	 1855
1715 	 1856
1716 	 1857
1717 	 1858
1718 	 1859
1719 	 1860
1720 	 1861
1721 	 1862
1722 	 1863
1723 	 1864
1724 	 1865
1725 	 1866
1726 	 1867
1727 	 1868
1728 	 1869
1729 	 1870
1730 	 1871
1731 	 1872
1732 	 1873
1733 	 1874
1734 	 1875
1735 	 1876
1736 	 1877
1737 	 1878
1738 	 1879
1739 	 1880
1740 	 1881
1741 	 1882
1742 	 1883
1743 	 1884
1744 	 1885
1745 	 1886
1746 	 1887
1747 	 1888
1748 	 1892
1749 	 1893
1750 	 1894
1751 	 1895
1752 	 1899
1753 	 1906
1754 	 1907
1755 	 1908
1756 	 1912
1757 	 1913
1758 	 1914
1759 	 1915
1760 	 1916
1761 	 1935
1762 	 1936
1763 	 1937
1764 	 1938
1765 	 1939
1766 	 1940
1767 	 1941
1768 	 1942
1769 	 1943
1770 	 1944
1771 	 1945
1772 	 1946
1773 	 1947
1774 	 1948
1775 	 1949
1776 	 1950
1777 	 1951
1778 	 1952
1779 	 1953
1780 	 1954
1781 	 1955
1782 	 1956
1783 	 1957
1784 	 1958
1785 	 1959
1786 	 1960
1787 	 1961
1788 	 1962
1789 	 1963
1790 	 1964
1791 	 1965
1792 	 1966
1793 	 1967
1794 	 1968
1795 	 1969
1796 	 1970
1797 	 1971
1798 	 1972
1799 	 1973
1800 	 1974
1801 	 1975
1802 	 1976
1803 	 1977
1804 	 1978
1805 	 1979
1806 	 1980
1807 	 1981
1808 	 1982
1809 	 1983
1810 	 1984
1811 	 1985
1812 	 1986
1813 	 1987
1814 	 1988
1815 	 1989
1816 	 1990
1817 	 1991
1818 	 1992
1819 	 1993
1820 	 1994
1821 	 1995
1822 	 1996
1823 	 1997
1824 	 1998
1825 	 1999
1826 	 2000
1827 	 2001
1828 	 2002
1829 	 2003
1830 	 2004
1831 	 2005
1832 	 2006
1833 	 2007
1834 	 2008
1835 	 2009
1836 	 2010
1837 	 2011
1838 	 2012
1839 	 2013
1840 	 2014
1841 	 2015
1842 	 2016
1843 	 2017
1844 	 2018
1845 	 2019
1846 	 2020
1847 	 2021
1848 	 2022
1849 	 2023
1850 	 2024
1851 	 2025
1852 	 2026
1853 	 2027
1854 	 2028
1855 	 2029
1856 	 2030
1857 	 2031
1858 	 2032
1859 	 2033
1860 	 2034
1861 	 2035
1862 	 2036
1863 	 2037
1864 	 2038
1865 	 2039
1866 	 2040
1867 	 2041
1868 	 2042
1869 	 2043
1870 	 2044
1871 	 2045
1872 	 2046
1873 	 2047
1874 	 2048
1875 	 2049
1876 	 2050
1877 	 2051
1878 	 2052
1879 	 2053
1880 	 2054
1881 	 2055
1882 	 2056
1883 	 2057
1884 	 2058
1885 	 2059
1886 	 2060
1887 	 2061
1888 	 2062
1889 	 2063
1890 	 2064
1891 	 2065
1892 	 2066
1893 	 2067
1894 	 2068
1895 	 2069
1896 	 2070
1897 	 2071
1898 	 2072
1899 	 2073
1900 	 2074
1901 	 2075
1902 	 2076
1903 	 2077
1904 	 2078
1905 	 2079
1906 	 2080
1907 	 2081
1908 	 2082
1909 	 2083
1910 	 2084
1911 	 2085
1912 	 2086
1913 	 2087
1914 	 2088
1915 	 2089
1916 	 2090
1917 	 2091
1918 	 2092
1919 	 2093
1920 	 2094
1921 	 2095
1922 	 2096
1923 	 2097
1924 	 2098
1925 	 2099
1926 	 2100
1927 	 2101
1928 	 2102
1929 	 2103
1930 	 2104
1931 	 2105
1932 	 2106
1933 	 2107
1934 	 2108
1935 	 2109
1936 	 2110
1937 	 2111
1938 	 2112
1939 	 2113
1940 	 2114
1941 	 2115
1942 	 2116
1943 	 2117
1944 	 2118
1945 	 2119
1946 	 2120
1947 	 2121
1948 	 2122
1949 	 2123
1950 	 2124
1951 	 2125
1952 	 2126
1953 	 2127
1954 	 2128
1955 	 2129
1956 	 2130
1957 	 2131
1958 	 2132
1959 	 2133
1960 	 2134
1961 	 2135
1962 	 2136
1963 	 2137
1964 	 2138
1965 	 2139
1966 	 2140
1967 	 2141
1968 	 2142
1969 	 2143
1970 	 2144
1971 	 2145
1972 	 2146
1973 	 2147
1974 	 2148
1975 	 2149
1976 	 2150
1977 	 2151
1978 	 2152
1979 	 2153
1980 	 2154
1981 	 2155
1982 	 2156
1983 	 2157
1984 	 2158
1985 	 2159
1986 	 2160
1987 	 2161
1988 	 2162
1989 	 2163
1990 	 2164
1991 	 2165
1992 	 2166
1993 	 2167
1994 	 2168
1995 	 2169
1996 	 2170
1997 	 2171
1998 	 2172
1999 	 2173
2000 	 2174
2001 	 2175
2002 	 2176
2003 	 2177
2004 	 2178
2005 	 2179
2006 	 2180
2007 	 2181
2008 	 2182
2009 	 2183
2010 	 2184
2011 	 2185
2012 	 2186
2013 	 2187
2014 	 2188
2015 	 2189
2016 	 2190
2017 	 2191
2018 	 2192
2019 	 2193
2020 	 2194
2021 	 2195
2022 	 2196
2023 	 2197
2024 	 2198
2025 	 2199
2026 	 2200
2027 	 2201
2028 	 2202
2029 	 2203
2030 	 2204
2031 	 2205
2032 	 2206
2033 	 2207
2034 	 2208
2035 	 2209
2036 	 2210
2037 	 2211
2038 	 2212
2039 	 2213
2040 	 2214
2041 	 2215
2042 	 2216
2043 	 2217
2044 	 2218
2045 	 2219
2046 	 2220
2047 	 2221
2048 	 2222
2049 	 2223
2050 	 2224
2051 	 2225
2052 	 2226
2053 	 2227
2054 	 2228
2055 	 2229
2056 	 2230
2057 	 2231
2058 	 2232
2059 	 2233
2060 	 2234
2061 	 2235
2062 	 2236
2063 	 2237
2064 	 2238
2065 	 2239
2066 	 2240
2067 	 2241
2068 	 2242
2069 	 2243
2070 	 2244
2071 	 2245
2072 	 2246
2073 	 2247
2074 	 2248
2075 	 2249
2076 	 2250
2077 	 2251
2078 	 2252
2079 	 2253
2080 	 2254
2081 	 2255
2082 	 2256
2083 	 2257
2084 	 2258
2085 	 2259
2086 	 2260
2087 	 2261
2088 	 2262
2089 	 2263
2090 	 2264
2091 	 2265
2092 	 2266
2093 	 2267
2094 	 2268
2095 	 2269
2096 	 2270
2097 	 2271
2098 	 2272
2099 	 2273
2100 	 2274
2101 	 2275
2102 	 2276
2103 	 2277
2104 	 2278
2105 	 2279
2106 	 2280
2107 	 2281
2108 	 2282
2109 	 2283
2110 	 2284
2111 	 2285
2112 	 2286
2113 	 2287
2114 	 2288
2115 	 2289
2116 	 2290
2117 	 2291
2118 	 2292
2119 	 2293
2120 	 2294
2121 	 2295
2122 	 2296
2123 	 2297
2124 	 2298
2125 	 2299
2126 	 2300
2127 	 2301
2128 	 2302
2129 	 2303
2130 	 2304
2131 	 2305
2132 	 2306
2133 	 2307
2134 	 2308
2135 	 2309
2136 	 2310
2137 	 2311
2138 	 2312
2139 	 2313
2140 	 2314
2141 	 2315
2142 	 2316
2143 	 2317
2144 	 2318
2145 	 2319
2146 	 2320
2147 	 2321
2148 	 2322
2149 	 2323
2150 	 2324
2151 	 2325
2152 	 2326
2153 	 2327
2154 	 2328
2155 	 2329
2156 	 2330
2157 	 2331
2158 	 2332
2159 	 2333
2160 	 2334
2161 	 2335
2162 	 2336
2163 	 2337
2164 	 2338
2165 	 2339
2166 	 2340
2167 	 2341
2168 	 2342
2169 	 2343
2170 	 2344
2171 	 2345
2172 	 2346
2173 	 2347
2174 	 2348
2175 	 2349
2176 	 2350
2177 	 2351
2178 	 2352
2179 	 2353
2180 	 2354
2181 	 2355
2182 	 2356
2183 	 2357
2184 	 2358
2185 	 2359
2186 	 2360
2187 	 2361
2188 	 2362
2189 	 2363
2190 	 2364
2191 	 2365
2192 	 2366
2193 	 2367
2194 	 2368
2195 	 2369
2196 	 2370
2197 	 2371
2198 	 2372
2199 	 2373
2200 	 2374
2201 	 2375
2202 	 2376
2203 	 2377
2204 	 2378
2205 	 2379
2206 	 2380
2207 	 2381
2208 	 2382
2209 	 2383
2210 	 2384
2211 	 2385
2212 	 2386
2213 	 2387
2214 	 2388
2215 	 2389
2216 	 2390
2217 	 2391
2218 	 2392
2219 	 2393
2220 	 2394
2221 	 2395
2222 	 2396
2223 	 2397
2224 	 2398
2225 	 2399
2226 	 2400
2227 	 2401
2228 	 2402
2229 	 2403
2230 	 2404
2231 	 2405
2232 	 2406
2233 	 2407
2234 	 2408
2235 	 2409
2236 	 2410
2237 	 2411
2238 	 2412
2239 	 2413
2240 	 2414
2241 	 2415
2242 	 2416
2243 	 2417
2244 	 2418
2245 	 2419
2246 	 2420
2247 	 2421
2248 	 2422
2249 	 2423
2250 	 2424
2251 	 2425
2252 	 2426
2253 	 2427
2254 	 2428
2255 	 2429
2256 	 2430
2257 	 2431
2258 	 2432
2259 	 2433
2260 	 2434
2261 	 2435
2262 	 2436
2263 	 2437
2264 	 2438
2265 	 2439
2266 	 2440
2267 	 2441
2268 	 2442
2269 	 2443
2270 	 2444
2271 	 2445
2272 	 2446
2273 	 2447
2274 	 2448
2275 	 2449
2276 	 2450
2277 	 2451
2278 	 2452
2279 	 2453
2280 	 2454
2281 	 2455
2282 	 2456
2283 	 2457
2284 	 2458
2285 	 2459
2286 	 2460
2287 	 2461
2288 	 2462
2289 	 2463
2290 	 2464
2291 	 2465
2292 	 2466
2293 	 2467
2294 	 2468
2295 	 2469
2296 	 2470
2297 	 2471
2298 	 2472
2299 	 2473
2300 	 2474
2301 	 2475
2302 	 2476
2303 	 2477
2304 	 2478
2305 	 2479
2306 	 2480
2307 	 2481
2308 	 2482
2309 	 2483
2310 	 2484
2311 	 2485
2312 	 2486
2313 	 2487
2314 	 2488
2315 	 2489
2316 	 2490
2317 	 2491
2318 	 2492
2319 	 2493
2320 	 2494
2321 	 2495
2322 	 2496
2323 	 2497
2324 	 2498
2325 	 2499
2326 	 2500
2327 	 2501
2328 	 2503
2329 	 2504
2330 	 2505
2331 	 2506
2332 	 2507
2333 	 2508
2334 	 2509
2335 	 2510
2336 	 2511
2337 	 2512
2338 	 2513
2339 	 2514
2340 	 2515
2341 	 2516
2342 	 2517
2343 	 2518
2344 	 2519
2345 	 2520
2346 	 2521
2347 	 2522
2348 	 2523
2349 	 2524
2350 	 2525
2351 	 2526
2352 	 2527
2353 	 2528
2354 	 2529
2355 	 2530
2356 	 2531
2357 	 2532
2358 	 2533
2359 	 2534
2360 	 2535
2361 	 2536
2362 	 2537
2363 	 2538
2364 	 2539
2365 	 2540
2366 	 2541
2367 	 2544
2368 	 2545
2369 	 2546
2370 	 2547
2371 	 2548
2372 	 2549
2373 	 2550
2374 	 2551
2375 	 2552
2376 	 2553
2377 	 2554
2378 	 2555
2379 	 2556
2380 	 2557
2381 	 2558
2382 	 2559
2383 	 2560
2384 	 2561
2385 	 2562
2386 	 2563
2387 	 2564
2388 	 2565
2389 	 2566
2390 	 2567
2391 	 2568
2392 	 2569
2393 	 2570
2394 	 2571
2395 	 2572
2396 	 2573
2397 	 2574
2398 	 2575
2399 	 2576
2400 	 2577
2401 	 2578
2402 	 2579
2403 	 2580
2404 	 2581
2405 	 2582
2406 	 2583
2407 	 2584
2408 	 2585
2409 	 2586
2410 	 2587
2411 	 2588
2412 	 2589
2413 	 2590
2414 	 2591
2415 	 2592
2416 	 2593
2417 	 2594
2418 	 2595
2419 	 2596
2420 	 2597
2421 	 2598
2422 	 2599
2423 	 2600
2424 	 2601
2425 	 2602
2426 	 2603
2427 	 2604
2428 	 2605
2429 	 2606
2430 	 2607
2431 	 2608
2432 	 2609
2433 	 2610
2434 	 2611
2435 	 2612
2436 	 2613
2437 	 2614
2438 	 2615
2439 	 2616
2440 	 2617
2441 	 2618
2442 	 2619
2443 	 2620
2444 	 2621
2445 	 2622
2446 	 2623
2447 	 2624
2448 	 2625
2449 	 2626
2450 	 2627
2451 	 2628
2452 	 2629
2453 	 2630
2454 	 2631
2455 	 2632
2456 	 2633
2457 	 2634
2458 	 2635
2459 	 2636
2460 	 2637
2461 	 2638
2462 	 2639
2463 	 2640
2464 	 2641
2465 	 2642
2466 	 2643
2467 	 2644
2468 	 2645
2469 	 2646
2470 	 2647
2471 	 2649
2472 	 2650
2473 	 2651
2474 	 2652
2475 	 2653
2476 	 2654
2477 	 2655
2478 	 2656
2479 	 2657
2480 	 2658
2481 	 2659
2482 	 2660
2483 	 2661
2484 	 2662
2485 	 2663
2486 	 2664
2487 	 2665
2488 	 2666
2489 	 2667
2490 	 2668
2491 	 2669
2492 	 2670
2493 	 2671
2494 	 2672
2495 	 2673
2496 	 2674
2497 	 2675
2498 	 2676
2499 	 2677
2500 	 2678
2501 	 2679
2502 	 2680
2503 	 2681
2504 	 2683
2505 	 2684
2506 	 2685
2507 	 2686
2508 	 2687
2509 	 2688
2510 	 2689
2511 	 2690
2512 	 2691
2513 	 2692
2514 	 2693
2515 	 2694
2516 	 2695
2517 	 2696
2518 	 2697
2519 	 2698
2520 	 2699
2521 	 2700
2522 	 2701
2523 	 2702
2524 	 2703
2525 	 2704
2526 	 2705
2527 	 2706
2528 	 2707
2529 	 2708
2530 	 2709
2531 	 2710
2532 	 2712
2533 	 2713
2534 	 2714
2535 	 2715
2536 	 2716
2537 	 2717
2538 	 2718
2539 	 2719
2540 	 2720
2541 	 2721
2542 	 2722
2543 	 2723
2544 	 2724
2545 	 2732
2546 	 2733
2547 	 2734
2548 	 2735
2549 	 2736
2550 	 2737
2551 	 2738
2552 	 2740
2553 	 2742
2554 	 2744
2555 	 2745
2556 	 2746
2557 	 2747
2558 	 2748
2559 	 2749
2560 	 2750
2561 	 2751
2562 	 2755
2563 	 2756
2564 	 2757
2565 	 2761
2566 	 2762
2567 	 2763
2568 	 2764
2569 	 2765
2570 	 2766
2571 	 2770
2572 	 2774
2573 	 2775
2574 	 2776
2575 	 2777
2576 	 2778
2577 	 2780
2578 	 2782
2579 	 2783
2580 	 2784
2581 	 2785
2582 	 2786
2583 	 2787
2584 	 2788
2585 	 2789
2586 	 2790
2587 	 2791
2588 	 2792
2589 	 2793
2590 	 2794
2591 	 2795
2592 	 2796
2593 	 2797
2594 	 2798
2595 	 2799
2596 	 2800
2597 	 2801
2598 	 2802
2599 	 2803
2600 	 2804
2601 	 2805
2602 	 2806
2603 	 2807
2604 	 2808
2605 	 2809
2606 	 2810
2607 	 2811
2608 	 2812
2609 	 2813
2610 	 2814
2611 	 2815
2612 	 2816
2613 	 2817
2614 	 2823
2615 	 2824
2616 	 2825
2617 	 2826
2618 	 2827
2619 	 2828
2620 	 2829
2621 	 2830
2622 	 2831
2623 	 2832
2624 	 2833
2625 	 2834
2626 	 2835
2627 	 2836
2628 	 2837
2629 	 2838
2630 	 2839
2631 	 2840
